function  seaice=seaice();

cmp = [4,2,175;
4,4,175;
4,6,175;
4,8,176;
4,11,176;
4,13,176;
4,15,177;
4,17,177;
4,20,178;
4,22,178;
4,24,178;
4,27,179;
4,29,179;
4,31,179;
5,33,180;
5,36,180;
5,38,180;
5,40,181;
5,43,181;
5,45,182;
5,47,182;
5,49,182;
5,52,183;
5,54,183;
5,56,183;
5,59,184;
5,61,184;
5,63,184;
5,65,185;
5,68,185;
5,70,186;
5,72,186;
5,74,186;
5,77,187;
6,79,187;
6,81,187;
6,84,188;
6,86,188;
6,88,188;
6,90,189;
6,93,189;
6,95,190;
6,97,190;
6,100,190;
6,102,191;
6,104,191;
6,106,191;
6,109,192;
6,111,192;
6,113,192;
6,115,193;
6,118,193;
6,120,194;
6,122,194;
6,125,194;
7,127,195;
7,129,195;
7,131,195;
7,134,196;
7,136,196;
7,138,196;
7,141,197;
7,143,197;
7,145,198;
7,147,198;
7,147,198;
8,148,198;
8,148,199;
8,148,199;
8,149,199;
9,149,199;
9,149,199;
9,150,200;
9,150,200;
10,150,200;
10,151,200;
10,151,200;
10,151,201;
11,152,201;
11,152,201;
11,152,201;
12,153,202;
12,153,202;
12,153,202;
12,154,202;
13,154,202;
13,154,203;
13,155,203;
13,155,203;
14,155,203;
14,156,204;
14,156,204;
14,156,204;
15,157,204;
15,157,204;
15,157,205;
16,158,205;
16,158,205;
16,158,205;
16,159,206;
17,159,206;
17,159,206;
17,160,206;
17,160,206;
18,160,207;
18,161,207;
18,161,207;
18,161,207;
19,162,207;
19,162,208;
19,163,208;
20,163,208;
20,163,208;
20,164,209;
20,164,209;
21,164,209;
21,165,209;
21,165,209;
21,165,210;
22,166,210;
22,166,210;
22,166,210;
22,167,211;
23,167,211;
23,167,211;
23,168,211;
24,168,211;
24,168,212;
25,169,212;
26,170,212;
28,170,213;
29,171,213;
31,172,214;
33,172,214;
34,173,215;
36,174,215;
37,175,216;
39,175,216;
40,176,217;
42,177,217;
44,177,217;
45,178,218;
47,179,218;
48,180,219;
50,180,219;
52,181,220;
53,182,220;
55,182,221;
56,183,221;
58,184,222;
59,185,222;
61,185,223;
63,186,223;
64,187,223;
66,187,224;
67,188,224;
69,189,225;
70,190,225;
72,190,226;
74,191,226;
75,192,227;
77,192,227;
78,193,228;
80,194,228;
81,195,229;
83,195,229;
85,196,229;
86,197,230;
88,197,230;
89,198,231;
91,199,231;
92,200,232;
94,200,232;
96,201,233;
97,202,233;
99,202,234;
100,203,234;
102,204,235;
104,205,235;
105,205,235;
107,206,236;
108,207,236;
110,207,237;
111,208,237;
113,209,238;
115,210,238;
116,210,239;
118,211,239;
119,212,240;
121,212,240;
122,213,241;
124,214,241;
126,215,241;
128,215,241;
130,216,242;
131,216,242;
133,217,242;
135,218,242;
137,218,243;
139,219,243;
141,219,243;
143,220,243;
144,221,244;
146,221,244;
148,222,244;
150,223,244;
152,223,244;
154,224,245;
156,224,245;
158,225,245;
159,226,245;
161,226,246;
163,227,246;
165,227,246;
167,228,246;
169,229,247;
171,229,247;
172,230,247;
174,231,247;
176,231,247;
178,232,248;
180,232,248;
182,233,248;
184,234,248;
186,234,249;
187,235,249;
189,236,249;
191,236,249;
193,237,250;
195,237,250;
197,238,250;
199,239,250;
200,239,250;
202,240,251;
204,240,251;
206,241,251;
208,242,251;
210,242,252;
212,243,252;
214,244,252;
215,244,252;
217,245,253;
219,245,253;
221,246,253;
223,247,253;
225,247,253;
227,248,254;
228,249,254;
230,249,254;
232,250,254;
234,250,255;
236,251,255;
238,252,255;
240,252,255;
242,253,255;
243,253,255];
%%
cmp=cmp/255;
seaice = cmp;
